31 0.529262 0.526048 0.0286839 0.0305318 0.845639
7 0.355103 0.276854 0.030452 0.0464831 0.669076
1 0.289196 0.282437 0.0166313 0.0389314 0.62219
2 0.379036 0.276286 0.0256464 0.032919 0.576743
9 0.316601 0.280128 0.0268687 0.0511765 0.424061
1 0.48764 0.267987 0.0155594 0.0355242 0.332931
1 0.466775 0.271268 0.0134528 0.0301103 0.320043
31 0.534853 0.682926 0.0263811 0.0298029 0.2485
2 0.60574 0.263738 0.0313967 0.0396038 0.195896
31 0.526725 0.447625 0.0242337 0.031378 0.175328
31 0.330369 0.73603 0.0256317 0.0353322 0.138131
2 0.420454 0.273297 0.035648 0.0435544 0.128812
2 0.506714 0.484226 0.0169644 0.0191429 0.0986327
2 0.748316 0.353385 0.0148845 0.0192696 0.0931534
2 0.654202 0.365288 0.0131817 0.0178291 0.075103
7 0.543067 0.273237 0.0284912 0.0424155 0.0663448
31 0.712487 0.358897 0.0207826 0.0264852 0.0653888
9 0.633209 0.259776 0.0227784 0.0423081 0.0647974
7 0.68254 0.269464 0.0321417 0.0379304 0.055618
32 0.640216 0.365801 0.0111935 0.018327 0.054637
2 0.407745 0.266807 0.016873 0.0314569 0.0534532
29 0.631864 0.604705 0.00973043 0.0148807 0.0519894
2 0.480212 0.655201 0.0138582 0.0198198 0.0487908
2 0.53696 0.500566 0.0152524 0.017458 0.0401646
32 0.641089 0.488626 0.0097968 0.0184234 0.0375224
7 0.431095 0.268129 0.0191585 0.0281729 0.0367722
2 0.52799 0.270599 0.0200027 0.0398612 0.0346642
32 0.642996 0.568214 0.0112733 0.0187905 0.0345357
23 0.32422 0.540105 0.0180987 0.0338385 0.031594
32 0.643201 0.529037 0.0116279 0.0177369 0.0314509
29 0.656923 0.486271 0.0114114 0.0187368 0.0303737
23 0.628269 0.366754 0.0163853 0.0212423 0.02984
32 0.445192 0.695619 0.011671 0.0193481 0.0273389
29 0.240805 0.383467 0.0145429 0.0206099 0.0254369
32 0.656881 0.567049 0.00824747 0.0175105 0.0242662
29 0.210152 0.425741 0.0114656 0.0197385 0.0240684
29 0.645204 0.604883 0.00902958 0.0132028 0.0235152
29 0.66701 0.566544 0.0115116 0.0188912 0.0233227
23 0.22255 0.383805 0.0121543 0.0198421 0.0220038
29 0.241901 0.505302 0.0130676 0.0170966 0.021996
32 0.432021 0.455761 0.00950567 0.0193496 0.0211775
29 0.209485 0.383448 0.0108581 0.0217389 0.021058
32 0.433169 0.537864 0.00955589 0.018222 0.0203032
29 0.631074 0.568108 0.012524 0.0179222 0.0201431
29 0.659008 0.602651 0.0100368 0.0153107 0.0197307
2 0.577569 0.268589 0.0403347 0.0434704 0.0193226
29 0.216367 0.506186 0.0138802 0.0181782 0.0190984
29 0.637148 0.568444 0.00812527 0.0179081 0.0188096
32 0.658235 0.527667 0.010459 0.0189345 0.0177416
2 0.47197 0.415265 0.0156996 0.0200031 0.017714
29 0.429086 0.696511 0.0156034 0.0189596 0.017391
29 0.229805 0.465506 0.0127473 0.018656 0.0173599
31 0.456114 0.375145 0.0173567 0.0231308 0.0173482
29 0.216929 0.465843 0.0129345 0.0191443 0.0164765
29 0.240103 0.465696 0.0116347 0.0177778 0.0164268
23 0.455727 0.694932 0.0114679 0.0176217 0.016132
29 0.447005 0.416631 0.0144625 0.0184905 0.0159475
32 0.640444 0.406987 0.0109124 0.0180638 0.0153467
32 0.44348 0.576492 0.00809891 0.0179747 0.0153246
29 0.22902 0.545802 0.0109046 0.0182315 0.0151698
32 0.229667 0.425044 0.00967694 0.01973 0.0147495
23 0.451616 0.535791 0.0123035 0.0187511 0.0145166
23 0.344132 0.545607 0.0120376 0.0195521 0.014397
2 0.734704 0.356806 0.0130198 0.0216145 0.0143332
31 0.522898 0.48175 0.0176024 0.0200405 0.014108
29 0.216471 0.587012 0.0131862 0.0191065 0.0139438
29 0.448707 0.455168 0.0139067 0.0199315 0.0139151
29 0.227948 0.505806 0.0108203 0.0181454 0.0131087
32 0.432123 0.41748 0.0135397 0.019599 0.012769
29 0.419181 0.456649 0.0112938 0.0194378 0.0126044
32 0.433616 0.576352 0.00916327 0.0186752 0.0125629
29 0.242467 0.545552 0.0115235 0.0182994 0.0118699
32 0.229802 0.626193 0.0103234 0.0173864 0.0112728
29 0.296383 0.537102 0.0140682 0.0191193 0.0110428
29 0.665903 0.599515 0.00884648 0.0203635 0.0108748
29 0.416913 0.374287 0.0121004 0.0180549 0.010786
32 0.230222 0.587049 0.011203 0.0185063 0.0107447
23 0.240667 0.424817 0.0120385 0.0201925 0.0105178
32 0.628419 0.48953 0.0134462 0.0199793 0.00997341
4 0.278568 0.28209 0.0179054 0.0307916 0.00993861
2 0.494219 0.271021 0.0488956 0.0450775 0.00977824
29 0.246908 0.704693 0.0119406 0.018958 0.00966584
29 0.628681 0.407748 0.0133267 0.0193782 0.00963561
23 0.520051 0.502781 0.0122219 0.015196 0.00959264
29 0.432352 0.616571 0.00930185 0.0186369 0.00942334
32 0.419329 0.417652 0.015303 0.0192254 0.00931186
32 0.629365 0.528986 0.011855 0.0185655 0.00885293
29 0.419849 0.537968 0.00883884 0.0184459 0.00874064
29 0.447088 0.49619 0.0141441 0.0190362 0.00873981
29 0.431009 0.374186 0.0105332 0.0178096 0.00827324
32 0.642263 0.447453 0.00956516 0.0164116 0.00763972
32 0.230794 0.665421 0.0121443 0.0179458 0.00749561
29 0.459495 0.615367 0.0114754 0.0199358 0.00713135
29 0.454949 0.575051 0.0118689 0.0177267 0.00709054
2 0.718842 0.269731 0.14599 0.0566449 0.00690371
32 0.43141 0.497117 0.00863705 0.0182369 0.00659969
32 0.444793 0.616207 0.00888499 0.0185541 0.00631001
29 0.231065 0.704456 0.00914364 0.0179514 0.00630991
32 0.443846 0.655929 0.00919493 0.0183572 0.0058538
32 0.457421 0.655097 0.010408 0.0192362 0.00581359
11 0.465501 0.150002 0.82436 0.300004 0.00563276
29 0.21739 0.546294 0.0133686 0.0185758 0.0054028
32 0.44137 0.736766 0.0121475 0.0194102 0.00531476
29 0.246446 0.586653 0.0109917 0.018446 0.00510637
31 0.469777 0.374933 0.0143961 0.0229359 0.00467595
32 0.457788 0.417534 0.0158077 0.0190369 0.00460259
29 0.419566 0.497826 0.0117354 0.0193535 0.00449058
29 0.247983 0.74548 0.0142221 0.0177977 0.00436565
29 0.472169 0.615314 0.0129319 0.0200728 0.00423817
29 0.246724 0.66482 0.011853 0.0188753 0.00422868
29 0.428439 0.655915 0.0138317 0.0178893 0.00407719
29 0.217339 0.626254 0.012111 0.0178341 0.0040659
29 0.209591 0.466195 0.0107366 0.0192122 0.00401323
29 0.654403 0.446955 0.00985709 0.0173915 0.0038109
2 0.679598 0.235406 0.0607879 0.110854 0.00376015
17 0.830448 0.89144 0.272011 0.196801 0.00374256
29 0.628595 0.447794 0.0126505 0.0175664 0.00368563
2 0.425195 0.229126 0.148237 0.142085 0.00366102
29 0.231341 0.745988 0.010709 0.0181281 0.0034977
4 0.310258 0.425198 0.558387 0.607814 0.00345144
32 0.429432 0.737374 0.0144434 0.0199705 0.00341395
2 0.369737 0.320092 0.134404 0.145152 0.00324743
10 0.660236 0.863979 0.169842 0.13068 0.00324574
1 0.475025 0.263173 0.0300544 0.0487822 0.00316945
10 0.102038 0.525381 0.192265 0.538695 0.00312314
29 0.45868 0.736595 0.0150248 0.0196141 0.00299108
2 0.465751 0.322939 0.161164 0.158056 0.00295356
10 0.281416 0.948086 0.216147 0.100543 0.00294871
2 0.556644 0.438259 0.113446 0.0587846 0.00293623
29 0.219691 0.705665 0.0122229 0.0192023 0.00283072
2 0.526931 0.209516 0.215617 0.168037 0.00272101
11 0.17841 0.220435 0.355313 0.44087 0.00264041
1 0.274583 0.280747 0.0495888 0.0501238 0.00262738
21 0.818989 0.175246 0.362022 0.350492 0.00261864
29 0.246921 0.625677 0.0124427 0.0167699 0.00254794
2 0.684356 0.0551138 0.318655 0.110228 0.00254665
32 0.443424 0.373826 0.00973241 0.0196132 0.00252117
29 0.218005 0.665972 0.0109401 0.0189148 0.0025013
29 0.655812 0.406475 0.00972499 0.0178898 0.00242467
29 0.45995 0.652868 0.0332198 0.0272066 0.0023975
10 0.529292 0.900231 0.258788 0.191275 0.00234548
2 0.372636 0.370781 0.379423 0.254334 0.00232658
11 0.166885 0.901457 0.333769 0.195514 0.00232435
29 0.421772 0.576003 0.0104436 0.0196784 0.00231953
2 0.640244 0.277605 0.0349584 0.0288183 0.00230097
26 0.524755 0.501674 0.01647 0.0372596 0.00226247
1 0.465475 0.442083 0.0954038 0.0468845 0.00224634
29 0.4081 0.417876 0.0117215 0.019813 0.00223929
27 0.517134 0.0763246 0.283188 0.152649 0.00216771
31 0.540851 0.666023 0.0429498 0.0665178 0.00215994
11 0.842741 0.872044 0.314517 0.255912 0.00215703
11 0.0267277 0.413811 0.0534553 0.818204 0.00214997
2 0.610997 0.321249 0.295059 0.188388 0.00214877
29 0.66508 0.527763 0.0137396 0.0201083 0.00210238
11 0.473228 0.664676 0.8519 0.361744 0.00198797
2 0.528931 0.399233 0.121587 0.133074 0.00193907
26 0.608379 0.47784 0.368931 0.302973 0.0019331
10 0.642503 0.939143 0.290241 0.121713 0.00191972
29 0.22059 0.745034 0.0110761 0.0182822 0.00190194
21 0.296332 0.21657 0.253614 0.189568 0.00187221
8 0.64307 0.286528 0.126042 0.0821392 0.00186083
29 0.254535 0.664782 0.0173493 0.0225613 0.00180896
11 0.776463 0.446358 0.354023 0.683805 0.00177622
11 0.829063 0.726275 0.341873 0.51655 0.00177265
29 0.421928 0.616141 0.0108465 0.0182428 0.00175315
2 0.509689 0.498799 0.0220041 0.0256754 0.00171911
11 0.437087 0.904465 0.735195 0.191069 0.0016924
29 0.250121 0.620829 0.0334107 0.0319577 0.00169019
17 0.942893 0.228538 0.113594 0.309625 0.0016489
10 0.296064 0.794881 0.256496 0.30237 0.00160054
15 0.451511 0.52604 0.265326 0.211809 0.00157266
2 0.588013 0.283105 0.0234402 0.0210696 0.00154897
27 0.190707 0.0692595 0.299809 0.138519 0.00153103
15 0.647189 0.750212 0.197796 0.197706 0.00151108
29 0.436505 0.654765 0.0126411 0.0197087 0.00150882
14 0.937619 0.412692 0.124652 0.406145 0.0014821
29 0.253115 0.703063 0.0114209 0.0168355 0.00145316
2 0.42649 0.148244 0.277272 0.282772 0.00140379
15 0.524719 0.702131 0.0867922 0.0932754 0.00138794
2 0.480758 0.299032 0.0728398 0.0205938 0.00135278
15 0.776685 0.31426 0.229976 0.278124 0.00132377
1 0.219383 0.420315 0.0272582 0.0318963 0.00131949
15 0.541684 0.59092 0.0681114 0.164627 0.00128384
10 0.225914 0.548026 0.0654475 0.0537808 0.00127053
10 0.215798 0.637818 0.261616 0.288853 0.00121539
27 0.40559 0.0586813 0.198079 0.117363 0.00120762
8 0.915025 0.0932007 0.169373 0.186401 0.00118778
2 0.655701 0.15313 0.274847 0.276185 0.0011732
2 0.654025 0.266332 0.0380758 0.0375504 0.00116131
10 0.876201 0.323991 0.167075 0.467602 0.00115686
8 0.676832 0.373232 0.161983 0.069944 0.00110401
15 0.578985 0.674353 0.400238 0.220869 0.0010817
15 0.574178 0.658088 0.1136 0.0861149 0.0010523
10 0.79585 0.603562 0.191591 0.263727 0.00103389
15 0.560853 0.252169 0.0710541 0.0821473 0.00101046
15 0.567701 0.586699 0.173433 0.297312 0.00100675
