1 0.282053 0.305663 0.0240192 0.0571049 0.72681
1 0.467312 0.293514 0.0119115 0.0329145 0.679136
7 0.346605 0.29597 0.0345247 0.050156 0.567744
31 0.538018 0.706737 0.0255117 0.0278727 0.538875
1 0.488599 0.288398 0.0126646 0.036108 0.381821
9 0.310361 0.298236 0.026843 0.0501449 0.374659
31 0.530445 0.545822 0.0236549 0.0318371 0.372525
2 0.373781 0.292048 0.0175712 0.0312019 0.236522
2 0.61114 0.277397 0.0238804 0.0370523 0.18056
31 0.332377 0.760263 0.024826 0.0331389 0.176873
31 0.521975 0.464891 0.0245447 0.0285142 0.172031
7 0.637483 0.275197 0.0297709 0.0431546 0.128681
29 0.719773 0.376841 0.0182075 0.0281327 0.0759569
32 0.443964 0.753838 0.00955927 0.0185496 0.0721052
2 0.657949 0.382498 0.0123861 0.0189944 0.0702468
7 0.54315 0.290161 0.0286761 0.0431628 0.0679512
23 0.3415 0.554338 0.0137927 0.0201294 0.067251
2 0.425406 0.286549 0.0235437 0.0352001 0.0622385
32 0.654723 0.582871 0.0118018 0.017284 0.0621806
29 0.429303 0.753858 0.0113536 0.0206062 0.0531931
7 0.685076 0.285738 0.0301857 0.034545 0.0490742
29 0.739978 0.374221 0.0109726 0.0252817 0.0482954
31 0.305506 0.556063 0.0152601 0.0243895 0.0447224
32 0.227175 0.402891 0.0140471 0.0200231 0.042388
23 0.322223 0.556369 0.0131651 0.0201434 0.0420813
32 0.642874 0.50499 0.0114981 0.0185771 0.0409058
2 0.484582 0.671664 0.0150486 0.0192214 0.0407414
29 0.457315 0.712687 0.012923 0.0177602 0.0405323
32 0.642242 0.583989 0.0135748 0.0185939 0.0392005
32 0.641998 0.4637 0.0110267 0.0187563 0.0373646
23 0.332536 0.554574 0.0122015 0.0189222 0.036912
31 0.52888 0.511272 0.0197421 0.0299442 0.0369086
32 0.455457 0.753394 0.00883587 0.0185138 0.0358914
29 0.632849 0.620427 0.0130499 0.0189569 0.0347203
32 0.434383 0.473399 0.0129687 0.0188628 0.032955
23 0.354067 0.55485 0.0122107 0.0212246 0.0326151
32 0.442078 0.713288 0.00825539 0.0172708 0.0315037
29 0.659334 0.504127 0.0169308 0.0189293 0.0300192
32 0.439029 0.554739 0.0136282 0.0186753 0.0288261
2 0.408793 0.284385 0.0158204 0.030106 0.0287119
23 0.656388 0.617026 0.00725883 0.0160134 0.0279719
23 0.75963 0.373655 0.0137912 0.0189752 0.027122
29 0.429379 0.7138 0.0118052 0.0198895 0.0270949
32 0.645426 0.544903 0.0124854 0.0190227 0.0270705
23 0.666795 0.615244 0.00895538 0.016836 0.026101
2 0.476124 0.432891 0.0142414 0.0191882 0.0255289
2 0.529069 0.287042 0.0188062 0.0375583 0.0248784
29 0.629133 0.504799 0.0109181 0.0194011 0.0221799
29 0.248264 0.644361 0.0141754 0.0179852 0.0219489
29 0.467055 0.672064 0.0130652 0.0176792 0.0211771
29 0.468244 0.752696 0.0101988 0.0194319 0.0207796
32 0.214545 0.403024 0.0154485 0.0210698 0.0198416
32 0.641756 0.424118 0.00960148 0.0177425 0.0193037
32 0.667483 0.581685 0.0148674 0.0178031 0.019113
2 0.45306 0.472573 0.0134946 0.0192195 0.0190457
29 0.253959 0.723857 0.011054 0.0173893 0.0188217
29 0.456775 0.673189 0.00723551 0.0172629 0.018803
32 0.432949 0.514388 0.0123825 0.0181728 0.0178601
29 0.241262 0.723628 0.0104141 0.0186065 0.0176952
32 0.431777 0.391136 0.0124475 0.0187844 0.0175687
23 0.557444 0.512723 0.0128912 0.0176925 0.0169164
29 0.645108 0.619017 0.00668564 0.017102 0.0167958
32 0.239915 0.76346 0.0133112 0.0200557 0.0150787
29 0.65914 0.422852 0.0103613 0.018561 0.0147833
29 0.454841 0.553978 0.0134718 0.0187029 0.0147293
29 0.628335 0.464081 0.0124029 0.0192406 0.014508
29 0.253894 0.763472 0.0134413 0.0188404 0.0139746
32 0.229624 0.763614 0.0169434 0.0206675 0.0139212
29 0.637679 0.382757 0.00849532 0.019814 0.0139189
32 0.654928 0.463224 0.00846634 0.0192598 0.0137637
32 0.2331 0.723534 0.00988635 0.0187428 0.0133544
29 0.629167 0.424148 0.011017 0.0190193 0.0132689
29 0.634772 0.584164 0.0135546 0.0192805 0.0132111
31 0.470298 0.390522 0.0166369 0.0199353 0.0130115
23 0.242487 0.402358 0.0138121 0.0198143 0.0128101
32 0.658984 0.544 0.0130135 0.0195402 0.0127826
2 0.573823 0.282437 0.0227103 0.0387825 0.0125994
32 0.440733 0.595212 0.0123854 0.017986 0.0125402
32 0.230313 0.565071 0.0097606 0.017186 0.0104664
29 0.632212 0.545312 0.0105942 0.0201325 0.010466
29 0.243957 0.683839 0.00853061 0.0175463 0.0102724
32 0.441832 0.634604 0.00900405 0.0169384 0.0102582
29 0.218721 0.605826 0.0117932 0.0192792 0.0101127
32 0.4536 0.433406 0.0166504 0.0186687 0.00957869
29 0.219245 0.645832 0.00989181 0.018165 0.009445
29 0.429751 0.63491 0.0124927 0.0173269 0.00944048
32 0.444816 0.391268 0.015739 0.0189718 0.00943829
23 0.545866 0.51446 0.0131802 0.0173447 0.00934008
32 0.229007 0.525086 0.00928106 0.0175519 0.00925953
29 0.628633 0.382536 0.0125738 0.019094 0.00920539
32 0.231101 0.60548 0.00923405 0.0185113 0.00885275
29 0.431367 0.555522 0.0128624 0.0200358 0.00881661
29 0.428812 0.674614 0.0115636 0.0181385 0.00872729
29 0.442561 0.674061 0.00734997 0.016919 0.00871119
29 0.243468 0.564286 0.0123004 0.0186913 0.00848933
29 0.421421 0.473802 0.0115452 0.0195762 0.0082847
29 0.466345 0.712699 0.0116113 0.019753 0.00810704
29 0.243863 0.524415 0.0156277 0.0194988 0.00794181
29 0.231856 0.645821 0.00797149 0.0171496 0.00782862
2 0.708463 0.27825 0.0971874 0.0523241 0.00770484
29 0.215648 0.525172 0.0118943 0.0187346 0.00768975
29 0.216555 0.565371 0.0102288 0.017514 0.00753966
29 0.231765 0.683717 0.00854463 0.0182903 0.00749101
2 0.481339 0.313066 0.0745732 0.0124512 0.00731519
29 0.418393 0.391815 0.0125755 0.0202238 0.00709825
29 0.459869 0.594119 0.01714 0.0186236 0.00697997
32 0.228471 0.444673 0.0135319 0.0187509 0.00695056
2 0.478967 0.632579 0.0105772 0.0212202 0.00691891
32 0.454503 0.633429 0.00917425 0.0192677 0.00675552
23 0.366963 0.554273 0.0106718 0.0212884 0.00657141
29 0.428382 0.595181 0.0125344 0.0189464 0.00654582
29 0.245589 0.605372 0.0123302 0.0191219 0.00639711
29 0.452183 0.513799 0.0111745 0.0189101 0.00638366
29 0.437459 0.674961 0.00827561 0.016008 0.0057701
29 0.421412 0.514461 0.0116914 0.0188368 0.00555139
2 0.469115 0.632857 0.0180369 0.0217067 0.00536105
29 0.466592 0.593676 0.00791227 0.0180792 0.00520398
32 0.228438 0.485321 0.012582 0.018632 0.00520236
10 0.772717 0.85985 0.219864 0.103159 0.00516482
32 0.419058 0.435945 0.0121149 0.0186342 0.00504171
29 0.25246 0.683933 0.0103112 0.0170755 0.00500791
22 0.24215 0.444752 0.0144488 0.0205095 0.00493568
29 0.241493 0.484474 0.0134992 0.0190548 0.00491506
29 0.662619 0.463665 0.00708543 0.0195016 0.00455912
29 0.437755 0.711655 0.00920257 0.019175 0.00450927
2 0.437352 0.289091 0.0166258 0.0323211 0.00444253
10 0.539736 0.910487 0.266945 0.175825 0.00441055
29 0.4223 0.555489 0.0114181 0.0203778 0.00431622
32 0.432987 0.43492 0.0135439 0.0192092 0.00425168
1 0.371368 0.322172 0.140719 0.117182 0.0041369
29 0.221808 0.723372 0.01072 0.0180158 0.00402241
0 0.508772 0.290238 0.032467 0.0381073 0.00393555
11 0.580092 0.151243 0.590223 0.302485 0.00376157
21 0.87572 0.363079 0.24856 0.721446 0.00361154
32 0.665541 0.543543 0.00989593 0.020091 0.00357643
32 0.215897 0.48524 0.0129326 0.0183369 0.00354053
32 0.460935 0.391 0.0158663 0.0205569 0.00334028
29 0.667798 0.422238 0.00868248 0.0186388 0.00327573
21 0.258816 0.431609 0.450872 0.60923 0.00325222
21 0.108286 0.317516 0.216572 0.632115 0.00324196
29 0.297989 0.557548 0.0118625 0.0234169 0.00323035
29 0.443563 0.47262 0.0117765 0.0198038 0.00318425
29 0.408373 0.435496 0.011572 0.0181097 0.00313232
1 0.481839 0.328409 0.14096 0.145706 0.00294544
21 0.30159 0.187784 0.388448 0.275124 0.00291246
2 0.519615 0.22486 0.160365 0.165145 0.00291064
32 0.216216 0.444984 0.0135885 0.018279 0.00284291
29 0.220303 0.683693 0.00903902 0.0176918 0.00279114
32 0.677879 0.581474 0.0112196 0.0187747 0.00277189
2 0.425708 0.230942 0.188959 0.159942 0.00275379
29 0.685978 0.374623 0.03682 0.0337011 0.00274795
29 0.234935 0.721974 0.0363926 0.0241039 0.00273055
8 0.725977 0.396101 0.0864198 0.0777881 0.00261357
2 0.393445 0.296563 0.0516792 0.0467027 0.0025735
10 0.694493 0.0584403 0.202976 0.116881 0.00254379
10 0.800332 0.94745 0.314024 0.1051 0.00242682
29 0.666656 0.462861 0.00756513 0.0191029 0.00241415
1 0.652344 0.611861 0.0356501 0.028819 0.00238504
2 0.707129 0.227795 0.151343 0.159888 0.00228728
11 0.433735 0.896554 0.568641 0.206893 0.00221361
1 0.609194 0.322736 0.166908 0.148688 0.00220281
11 0.7492 0.692743 0.459859 0.412468 0.00220171
10 0.0972366 0.591236 0.194473 0.386225 0.00219346
2 0.658943 0.289277 0.0747697 0.0375718 0.00216233
10 0.693035 0.9045 0.227799 0.179808 0.00212353
17 0.339347 0.901356 0.240014 0.188681 0.00210737
11 0.440728 0.655043 0.870401 0.646655 0.00195593
11 0.143341 0.8059 0.286681 0.3882 0.0019189
2 0.506048 0.00794106 0.0181654 0.0151502 0.00190294
11 0.842869 0.892291 0.314262 0.215418 0.00189853
17 0.198007 0.0692264 0.224428 0.138453 0.00184618
12 0.781698 0.272028 0.213613 0.25186 0.00181624
8 0.874649 0.166166 0.190326 0.242728 0.00181363
8 0.845805 0.0573834 0.213596 0.113934 0.00176551
1 0.453599 0.454649 0.0224881 0.0466954 0.00173563
8 0.699872 0.418814 0.213843 0.151872 0.00169203
10 0.481901 0.808383 0.21465 0.295205 0.00167158
1 0.446818 0.623838 0.062241 0.0485185 0.00165128
10 0.202086 0.567777 0.0495421 0.0396823 0.00161546
10 0.927324 0.0912666 0.145072 0.182533 0.00160099
10 0.236167 0.487919 0.0267366 0.0338706 0.00159074
8 0.19837 0.341409 0.233193 0.25567 0.00150689
29 0.437106 0.754835 0.0109619 0.0184352 0.00149754
2 0.583921 0.282766 0.0877032 0.0511391 0.00148779
27 0.452597 0.0670367 0.243071 0.134073 0.00145565
1 0.739159 0.370447 0.0551897 0.0399066 0.00145099
15 0.51362 0.717519 0.119834 0.13101 0.00144242
11 0.476584 0.801347 0.880456 0.17829 0.00142675
11 0.637232 0.36264 0.400618 0.290906 0.00141966
1 0.4421 0.547355 0.0359459 0.0366593 0.00139845
10 0.955971 0.334426 0.0880573 0.377446 0.00138693
17 0.482655 0.30122 0.0784666 0.0623158 0.00138443
32 0.444964 0.756468 0.0240864 0.0276796 0.00131253
10 0.227139 0.572867 0.0559049 0.0549635 0.00130782
1 0.439398 0.485974 0.0528076 0.0437155 0.00130669
27 0.321191 0.423698 0.216271 0.26529 0.00126527
8 0.67974 0.352786 0.143873 0.0851424 0.00124592
10 0.932113 0.624508 0.135114 0.409383 0.00124409
10 0.488234 0.518903 0.296495 0.26605 0.00123028
29 0.620888 0.50572 0.0191596 0.0219382 0.00122752
8 0.359311 0.771026 0.106071 0.109796 0.00122
29 0.244889 0.674822 0.0393568 0.0438586 0.00120895
17 0.348136 0.671198 0.241197 0.236829 0.00116959
1 0.227014 0.512237 0.0453532 0.0558898 0.00115611
26 0.678399 0.406282 0.110476 0.0696658 0.00112842
2 0.344828 0.247193 0.065382 0.14797 0.00112686
1 0.296415 0.28249 0.0414582 0.0453526 0.00112432
15 0.532152 0.723375 0.0522139 0.0730089 0.00110291
10 0.88996 0.894473 0.217043 0.182084 0.00105266
12 0.221199 0.925732 0.253405 0.148536 0.0010503
17 0.166865 0.494896 0.177056 0.300611 0.00104041
17 0.28904 0.802116 0.223108 0.259638 0.00102139
8 0.469843 0.475587 0.128208 0.118235 0.00101695
