1 0.27992 0.295109 0.0260139 0.0463498 0.838432
7 0.353785 0.290278 0.0257744 0.045347 0.578017
2 0.378733 0.286035 0.0216901 0.0311242 0.531188
1 0.482115 0.28245 0.0139566 0.0279174 0.402465
7 0.318219 0.292894 0.0334092 0.0490347 0.300849
2 0.479274 0.668143 0.0163585 0.0212074 0.22437
31 0.508918 0.453199 0.0183189 0.0231418 0.133816
7 0.543039 0.287494 0.029485 0.0422606 0.117985
2 0.680544 0.28202 0.0275524 0.0350148 0.113292
31 0.517794 0.498098 0.0260838 0.0373005 0.110026
31 0.519444 0.546296 0.0216446 0.0228507 0.0896085
31 0.53131 0.744645 0.0255993 0.0311383 0.0892784
1 0.499127 0.28332 0.0135639 0.0296832 0.0805574
2 0.62314 0.279597 0.0486093 0.033926 0.0768653
31 0.314071 0.748784 0.0217124 0.0192387 0.0612152
2 0.655207 0.381026 0.0114967 0.0183128 0.0586215
2 0.424882 0.281652 0.0167819 0.0292496 0.0550151
2 0.471849 0.429284 0.0161379 0.0188505 0.0413539
29 0.24223 0.51866 0.012659 0.0171975 0.0395238
23 0.318166 0.557412 0.0126073 0.0193994 0.0341604
32 0.642177 0.58267 0.0103077 0.0177688 0.0288695
23 0.645154 0.619523 0.0116128 0.0155323 0.0278086
2 0.29296 0.546491 0.0164664 0.0191801 0.0265493
23 0.660016 0.616996 0.0122687 0.0176342 0.0264685
23 0.226615 0.396482 0.0137909 0.0211049 0.0241933
23 0.24144 0.396299 0.0141042 0.0223613 0.0230083
23 0.218459 0.396446 0.0125858 0.0204241 0.0226105
29 0.630972 0.620658 0.0116219 0.0185695 0.0217508
29 0.239761 0.478306 0.0135173 0.0174173 0.0214982
2 0.5237 0.283258 0.014483 0.0307517 0.0213492
2 0.583661 0.282237 0.0430208 0.0357592 0.0186142
32 0.641306 0.50356 0.0114771 0.0183613 0.0178954
29 0.628875 0.422574 0.0138441 0.0188117 0.0178546
29 0.23058 0.478072 0.0193492 0.0181868 0.0172642
29 0.657395 0.502927 0.0128323 0.0180544 0.0172636
9 0.409549 0.280156 0.0150649 0.0305296 0.0172403
23 0.431487 0.511025 0.0105225 0.0183718 0.0172042
32 0.658748 0.582086 0.0112778 0.0178196 0.0165867
2 0.465143 0.668764 0.015691 0.0204253 0.0164409
29 0.214476 0.438513 0.0151372 0.0181491 0.0156259
29 0.217176 0.478149 0.0129839 0.0186055 0.0155996
29 0.228336 0.518794 0.0103206 0.0183119 0.0147703
31 0.467429 0.388983 0.0214445 0.0235324 0.0145009
29 0.45598 0.589898 0.0120975 0.0189494 0.0144125
29 0.241447 0.557196 0.0127185 0.0189749 0.0138578
32 0.44623 0.38819 0.0149221 0.0223915 0.0136972
32 0.334475 0.557238 0.0135312 0.013924 0.0132879
2 0.714506 0.278957 0.105243 0.0528421 0.0130039
32 0.440746 0.751178 0.0118816 0.0193994 0.0127672
32 0.432687 0.552453 0.00867829 0.0189115 0.0125313
32 0.44446 0.63023 0.0092563 0.0186309 0.0120107
29 0.628392 0.50406 0.0131477 0.0192676 0.011842
32 0.433796 0.591071 0.00896579 0.0172015 0.0116665
29 0.247822 0.758178 0.0143798 0.0197724 0.0115009
29 0.667058 0.581291 0.0108172 0.0182316 0.0114601
32 0.642233 0.463074 0.0119398 0.0178449 0.0113919
29 0.656864 0.421122 0.0091419 0.0181173 0.0113618
29 0.419629 0.511451 0.0116668 0.0189128 0.0112532
32 0.643211 0.543678 0.0112974 0.0177707 0.0112189
29 0.447103 0.430873 0.0159317 0.0193598 0.010821
29 0.216242 0.518628 0.0133751 0.0194193 0.0103688
32 0.429834 0.388559 0.0153755 0.0201381 0.0103466
29 0.230323 0.558206 0.00960731 0.0191607 0.0102628
2 0.607338 0.284127 0.0194925 0.02377 0.00989134
29 0.217366 0.559051 0.0139317 0.0184047 0.00986891
29 0.210569 0.395915 0.011206 0.0215718 0.00970952
32 0.231985 0.758707 0.0103438 0.0184316 0.00953094
32 0.641995 0.422338 0.00855991 0.0176943 0.00942157
32 0.443042 0.591415 0.00804117 0.0165337 0.00933392
29 0.418771 0.387695 0.012862 0.018809 0.00880803
29 0.431017 0.670229 0.00991229 0.0178987 0.0086013
29 0.241654 0.437827 0.0131929 0.0202235 0.00844697
32 0.230585 0.718271 0.0134989 0.0186786 0.00844152
32 0.657435 0.542527 0.0108739 0.0177799 0.00820385
1 0.43246 0.287829 0.0174488 0.0261396 0.0081869
29 0.628673 0.462556 0.0131702 0.0195522 0.00788449
29 0.219143 0.718412 0.0125282 0.0179012 0.00775966
31 0.456472 0.388709 0.0170694 0.0226646 0.00741738
29 0.228393 0.438279 0.0106846 0.0187185 0.00730322
29 0.220025 0.757819 0.0107275 0.0192277 0.00724644
29 0.247247 0.717684 0.0139895 0.0178952 0.0072365
29 0.459494 0.629487 0.0122126 0.0207129 0.00717318
29 0.442706 0.670029 0.00933808 0.0182644 0.00710674
32 0.229327 0.678811 0.0105091 0.0167112 0.00693039
32 0.433022 0.630791 0.0113344 0.0183506 0.00686843
32 0.455151 0.431448 0.0147889 0.0186817 0.00684101
22 0.431358 0.469678 0.00945394 0.0180369 0.0067141
32 0.43075 0.43118 0.0144606 0.0196894 0.00652306
29 0.44818 0.469364 0.0145758 0.0193688 0.00635259
29 0.472206 0.62943 0.0119924 0.0208495 0.00630177
29 0.446982 0.510509 0.0149197 0.0192162 0.00626178
2 0.331269 0.538727 0.0115063 0.0141232 0.00596005
10 0.78323 0.904912 0.370712 0.179667 0.00573632
32 0.229419 0.599241 0.0111153 0.0185199 0.00526423
29 0.42011 0.469975 0.0113455 0.0183957 0.00517444
22 0.628314 0.381499 0.0150162 0.0196411 0.0051541
32 0.229738 0.639222 0.0111162 0.0164051 0.00486681
29 0.421653 0.589803 0.0095507 0.0178498 0.00473103
29 0.420807 0.552664 0.0100373 0.0194953 0.00469123
29 0.210625 0.47762 0.011342 0.0201697 0.00465958
29 0.246039 0.677472 0.0123641 0.0184091 0.00459639
21 0.147459 0.262983 0.294634 0.525151 0.00446248
29 0.428819 0.75091 0.013546 0.0194479 0.00441524
29 0.445012 0.710688 0.00965441 0.0177211 0.00422003
1 0.371278 0.326563 0.121028 0.150752 0.00420154
2 0.511012 0.284092 0.0333547 0.0350289 0.00414666
29 0.419545 0.43088 0.00923106 0.0182949 0.0040764
29 0.657963 0.461953 0.00988754 0.0186744 0.00406277
32 0.640063 0.380938 0.0120951 0.0198045 0.00403235
23 0.446064 0.55129 0.0129254 0.0189063 0.00391095
29 0.490959 0.458591 0.0174021 0.0252213 0.0038102
2 0.452229 0.282038 0.0252475 0.0273757 0.0036981
29 0.458689 0.750772 0.0122805 0.0191393 0.00368696
11 0.471396 0.150093 0.85245 0.300185 0.00367325
29 0.455375 0.709946 0.0105531 0.0167319 0.00363922
2 0.60551 0.303439 0.0471094 0.0119665 0.00362761
1 0.301178 0.327989 0.149582 0.130385 0.00352205
29 0.631208 0.582869 0.0117692 0.0190224 0.00341883
29 0.216619 0.599017 0.0127175 0.0182604 0.00332258
29 0.466062 0.589716 0.0112707 0.0201379 0.00330119
10 0.659395 0.868416 0.183803 0.105503 0.00329843
2 0.687787 0.314529 0.160098 0.149206 0.00323794
22 0.452336 0.550304 0.00963513 0.0184565 0.00316856
1 0.461455 0.323156 0.12218 0.135668 0.00306081
21 0.877623 0.311086 0.244495 0.616303 0.00304181
29 0.21738 0.678382 0.0111978 0.0178537 0.00299148
2 0.465299 0.295803 0.0459625 0.0329153 0.00296978
2 0.668801 0.227623 0.154346 0.165977 0.00286194
2 0.796234 0.0574263 0.271978 0.114853 0.00285164
29 0.245354 0.599244 0.0134674 0.018416 0.00284793
29 0.218284 0.639219 0.0127457 0.016866 0.00282052
11 0.409912 0.540266 0.732949 0.611183 0.00277897
10 0.926054 0.910474 0.146313 0.144839 0.00271127
29 0.428796 0.71023 0.0135362 0.01794 0.00268436
29 0.246566 0.638231 0.0136356 0.0196994 0.00267807
10 0.382869 0.0649406 0.207565 0.128257 0.00266943
4 0.599925 0.316652 0.160328 0.151529 0.00264078
11 0.704187 0.0628839 0.479977 0.125768 0.00263477
31 0.30349 0.545768 0.00982433 0.0172877 0.00262321
2 0.270782 0.393435 0.325804 0.29024 0.00262313
2 0.319338 0.540537 0.0126403 0.0162895 0.00235155
14 0.535407 0.91178 0.249284 0.169531 0.00232417
29 0.630305 0.543704 0.0136234 0.0184894 0.00225951
21 0.740826 0.209677 0.348619 0.295905 0.00224664
1 0.361521 0.225737 0.207301 0.17134 0.00221888
2 0.481132 0.309885 0.0723882 0.02018 0.00219182
21 0.431947 0.826649 0.857669 0.346703 0.00217975
14 0.347767 0.911728 0.275041 0.162256 0.00208681
21 0.228795 0.222749 0.266611 0.202144 0.00205101
11 0.151442 0.813155 0.302885 0.37369 0.00203351
2 0.537749 0.191039 0.313672 0.223197 0.0020126
11 0.839381 0.867511 0.321238 0.264977 0.00199665
8 0.213356 0.0661288 0.173294 0.1321 0.00195743
17 0.942921 0.255491 0.113255 0.342248 0.00191477
10 0.135505 0.529814 0.130732 0.523861 0.00181979
8 0.494022 0.48761 0.0820208 0.0776473 0.00179569
29 0.442346 0.749714 0.0371006 0.0245388 0.00167352
10 0.356357 0.249477 0.0560124 0.128901 0.00164992
2 0.669326 0.388012 0.435478 0.332825 0.00161705
28 0.591488 0.531232 0.419684 0.322567 0.00160229
21 0.77856 0.631403 0.442881 0.701418 0.00159305
1 0.439721 0.504188 0.0328912 0.0343502 0.00158128
11 0.0303202 0.438901 0.0606405 0.875136 0.00152099
29 0.447769 0.700374 0.0494425 0.0466643 0.00148785
1 0.435837 0.53678 0.0436041 0.057405 0.00148227
29 0.247462 0.636038 0.0395764 0.0286598 0.00144819
11 0.884903 0.793762 0.230193 0.375755 0.00143188
1 0.643609 0.614031 0.0218983 0.0288819 0.00142354
29 0.251188 0.675841 0.0279039 0.0284162 0.00139943
29 0.421896 0.63018 0.0105602 0.018726 0.00139911
17 0.939365 0.446882 0.120878 0.381942 0.00138524
10 0.847385 0.461999 0.133565 0.305674 0.00136993
0 0.47278 0.277338 0.0460471 0.0476335 0.00136496
10 0.444657 0.882942 0.164336 0.115603 0.00135231
29 0.661317 0.499993 0.0379862 0.0295328 0.00133956
2 0.478463 0.368513 0.28023 0.247791 0.00129278
15 0.511221 0.591314 0.122193 0.221632 0.00127321
10 0.894318 0.589277 0.119358 0.466263 0.00126483
8 0.298903 0.564187 0.0504033 0.0610533 0.00123385
2 0.648361 0.292975 0.0603409 0.0272265 0.00121746
27 0.516845 0.0669691 0.283631 0.133938 0.00120904
2 0.374019 0.267232 0.0280558 0.0601888 0.00117938
8 0.242993 0.561461 0.162654 0.0997163 0.00117179
10 0.801358 0.635626 0.164004 0.215077 0.00116792
29 0.407677 0.430279 0.00957625 0.018219 0.00114934
8 0.74751 0.250566 0.137958 0.113146 0.0011456
7 0.652759 0.278993 0.0304611 0.0353375 0.00110532
29 0.665845 0.460154 0.0145132 0.0237551 0.00109609
15 0.310005 0.620411 0.159812 0.28392 0.00109485
15 0.27851 0.764518 0.186647 0.224996 0.00107741
1 0.434796 0.455762 0.0477552 0.0556035 0.00105575
17 0.0643523 0.730905 0.128705 0.476437 0.00105452
10 0.0993396 0.919965 0.198132 0.151105 0.00105257
29 0.227125 0.513432 0.043122 0.0346326 0.00102588
2 0.214643 0.869729 0.291043 0.245759 0.00102182
2 0.30807 0.541211 0.0302198 0.0261178 0.0010192
10 0.900925 0.0902787 0.197428 0.180557 0.00100387
17 0.444011 0.678125 0.0902165 0.0513458 0.00100212
