1 0.477995 0.280311 0.0144138 0.03595 0.8091
1 0.285421 0.28934 0.0234747 0.0538215 0.791458
9 0.310285 0.284027 0.0265403 0.0487353 0.46379
2 0.370812 0.275474 0.0212866 0.0313966 0.413756
31 0.541661 0.702015 0.0266647 0.0330175 0.350234
7 0.342347 0.285261 0.0272453 0.0384116 0.306643
1 0.498868 0.279902 0.011602 0.0383671 0.289054
31 0.529575 0.465212 0.0245374 0.0304607 0.278217
7 0.636639 0.270844 0.0298933 0.0485529 0.212785
2 0.609408 0.27424 0.0241134 0.0297899 0.210982
31 0.525363 0.503305 0.0240506 0.0273078 0.172117
31 0.523695 0.542877 0.0218533 0.0279484 0.150224
1 0.543771 0.286193 0.0275377 0.0404896 0.116024
7 0.682166 0.283069 0.0316542 0.0379994 0.111307
31 0.718375 0.370467 0.0244471 0.0330764 0.093853
2 0.419717 0.283009 0.0303078 0.0353561 0.0786911
2 0.473177 0.429137 0.0150183 0.0186072 0.0720274
23 0.738892 0.373899 0.0187256 0.0236861 0.0545813
32 0.441269 0.751031 0.0115201 0.0197576 0.0531992
29 0.448286 0.430161 0.0172213 0.018117 0.0433342
23 0.563849 0.504067 0.0123278 0.0200849 0.0431801
32 0.443641 0.590701 0.00849457 0.017802 0.0401782
23 0.658416 0.616342 0.00924325 0.0172464 0.0390507
32 0.43367 0.590868 0.00922318 0.0184966 0.0373041
2 0.654226 0.379895 0.0129565 0.0175255 0.0337109
23 0.54565 0.505492 0.0156227 0.0202253 0.0310483
31 0.301479 0.550059 0.0160302 0.0207025 0.0309397
23 0.322095 0.549727 0.0117959 0.0205051 0.0284579
32 0.641978 0.582577 0.0118426 0.0176317 0.0275062
23 0.643947 0.619257 0.0102607 0.0156092 0.0257899
2 0.40681 0.279675 0.0171086 0.0299353 0.0255331
23 0.321803 0.562217 0.0118633 0.0184565 0.0255223
29 0.458888 0.66922 0.0107118 0.0196377 0.0236296
31 0.51846 0.509524 0.0128578 0.0170287 0.0228767
23 0.759749 0.373987 0.0131451 0.0231143 0.0226296
2 0.523799 0.282325 0.0200701 0.0361391 0.0216389
31 0.335411 0.751481 0.0214722 0.0208751 0.0205267
32 0.334609 0.561063 0.0144858 0.0177608 0.0200249
29 0.241948 0.478948 0.012567 0.0175004 0.0198145
29 0.242489 0.518769 0.013648 0.0186915 0.0197259
29 0.628861 0.619363 0.0137826 0.0206222 0.0185844
32 0.642652 0.542591 0.0131656 0.0183801 0.0183009
29 0.428983 0.751155 0.0140898 0.0203051 0.0181636
29 0.447834 0.510042 0.0157818 0.0189211 0.0171123
32 0.230044 0.639499 0.0122342 0.0171246 0.0170888
2 0.481376 0.668838 0.0146017 0.0193063 0.0161532
32 0.65867 0.582264 0.0110295 0.0180814 0.0159071
32 0.431995 0.551845 0.00908471 0.0174778 0.0153906
29 0.21148 0.396508 0.0139432 0.020826 0.0151454
32 0.444065 0.66972 0.00877361 0.0191867 0.0150757
29 0.631132 0.581742 0.012238 0.0178464 0.0148532
29 0.455189 0.58934 0.0145081 0.0192018 0.0146394
2 0.576403 0.27936 0.025433 0.0371149 0.014599
32 0.657661 0.542088 0.0101933 0.0184147 0.0141738
29 0.432906 0.670057 0.00947742 0.018631 0.0140087
32 0.23197 0.718864 0.0116347 0.0185891 0.0139827
29 0.241961 0.558424 0.0128942 0.0191487 0.0136957
29 0.416418 0.38735 0.0118148 0.0204222 0.0136226
29 0.421557 0.590239 0.0102413 0.0186861 0.0135094
23 0.240951 0.396614 0.0149567 0.0207933 0.0133727
29 0.214856 0.478798 0.0160635 0.0190045 0.0133644
29 0.215448 0.438708 0.0163771 0.0194033 0.0128917
29 0.251515 0.759227 0.011977 0.0192821 0.0126299
32 0.226453 0.396835 0.0139611 0.020004 0.0120906
32 0.230404 0.678805 0.0142375 0.0176874 0.0119859
29 0.452854 0.550188 0.0118896 0.0174752 0.0118312
29 0.456112 0.710061 0.0126865 0.0182468 0.0118019
29 0.246863 0.718428 0.0130205 0.0188961 0.0115001
32 0.433366 0.630175 0.00931676 0.0188457 0.0111372
29 0.669044 0.581513 0.00851476 0.018588 0.0111317
29 0.228127 0.478488 0.0150941 0.018665 0.0109916
29 0.656714 0.502164 0.0122909 0.0187866 0.0109585
23 0.334099 0.547935 0.0112413 0.0174572 0.0107216
29 0.418441 0.510981 0.0115538 0.0203928 0.0107126
29 0.430742 0.388223 0.0119223 0.0184517 0.0104863
29 0.216272 0.559701 0.0134087 0.0185734 0.0102936
29 0.22854 0.559018 0.0111779 0.0187228 0.010125
32 0.431586 0.510605 0.0110647 0.0191113 0.00999062
29 0.228155 0.519332 0.0112454 0.0185502 0.00959613
29 0.241791 0.4382 0.0145104 0.0203844 0.00959028
2 0.7142 0.277223 0.143707 0.0614022 0.00936925
32 0.640827 0.503008 0.0105911 0.017558 0.00934478
31 0.449295 0.468536 0.0164141 0.0195622 0.00905689
23 0.459855 0.750543 0.0138744 0.0202089 0.00904789
32 0.441618 0.550604 0.0080845 0.017539 0.00895053
29 0.41983 0.551551 0.0093087 0.018993 0.00894943
32 0.230204 0.59994 0.0117608 0.0188287 0.00886494
32 0.640043 0.421486 0.0115212 0.0186361 0.00861895
29 0.629047 0.503536 0.0134001 0.0181649 0.00826339
29 0.227999 0.438422 0.0144339 0.0198624 0.00816551
29 0.220327 0.719336 0.0132616 0.0192926 0.00814763
1 0.510022 0.281874 0.0310014 0.0433187 0.00804791
29 0.4679 0.629296 0.0167501 0.0219464 0.00786446
32 0.431426 0.430417 0.00845967 0.0178892 0.00766855
32 0.443844 0.629987 0.0075615 0.0192438 0.00766573
32 0.418444 0.43143 0.0126219 0.0188614 0.00765244
29 0.445032 0.710022 0.0104927 0.0185348 0.00746609
23 0.34161 0.555073 0.0124723 0.0271816 0.00737437
23 0.231805 0.759049 0.0112893 0.0191323 0.00728134
32 0.431994 0.469212 0.0114968 0.0191743 0.00726763
29 0.246972 0.678095 0.0125218 0.0183369 0.00714242
29 0.456484 0.629615 0.0135812 0.0204208 0.00690046
29 0.419218 0.469824 0.0126718 0.0197195 0.00677551
29 0.21618 0.519228 0.0135429 0.0189617 0.00668334
29 0.428226 0.710272 0.013892 0.0174971 0.006329
29 0.628555 0.421911 0.0150339 0.0195244 0.00571674
31 0.467257 0.38917 0.0218887 0.0234185 0.00565323
29 0.219321 0.679221 0.0125891 0.0183471 0.00547778
31 0.456614 0.389248 0.0161068 0.022658 0.00530148
10 0.371527 0.0631859 0.230346 0.126372 0.00505636
32 0.628385 0.380569 0.0164759 0.0198498 0.00481251
29 0.217668 0.639563 0.0126624 0.0173529 0.00479996
29 0.216045 0.599784 0.0118002 0.018774 0.00478576
32 0.445813 0.387873 0.0114321 0.0200492 0.00461379
29 0.247162 0.638581 0.0126878 0.0188605 0.00452213
29 0.471951 0.668195 0.0187912 0.0233338 0.00449442
29 0.466221 0.589117 0.0101278 0.0201061 0.00448951
29 0.246363 0.599846 0.011464 0.0181789 0.00442394
32 0.62987 0.542738 0.0115513 0.0185561 0.00436893
29 0.407225 0.431209 0.0113747 0.0176908 0.00431292
1 0.463694 0.325178 0.111265 0.148727 0.00401856
1 0.266644 0.288172 0.0667948 0.0644205 0.00396048
32 0.641916 0.462125 0.0102848 0.0164839 0.0038309
32 0.64019 0.380214 0.0127382 0.0196157 0.00377566
1 0.377885 0.323448 0.124364 0.148688 0.00363591
17 0.222014 0.892942 0.235343 0.203085 0.00352766
11 0.48412 0.152536 0.824785 0.305072 0.00352678
1 0.431291 0.586863 0.0245047 0.0284606 0.00347305
29 0.422439 0.669949 0.0108711 0.0183329 0.00346622
2 0.367897 0.227534 0.130767 0.154715 0.00339245
4 0.210816 0.365731 0.357241 0.541495 0.00337933
2 0.43634 0.284379 0.0235696 0.0353509 0.00332793
2 0.589297 0.282024 0.0719835 0.0468664 0.00329728
29 0.420852 0.629884 0.00867729 0.0187295 0.00322958
10 0.525229 0.0614164 0.207441 0.122833 0.00308815
17 0.811375 0.903362 0.296719 0.17877 0.00306629
29 0.220792 0.758061 0.0106134 0.0190923 0.00306082
2 0.455222 0.225138 0.192154 0.163528 0.00303055
29 0.667263 0.614244 0.00852783 0.0203442 0.00302017
1 0.435248 0.545964 0.0592637 0.0439088 0.00293401
16 0.0267941 0.64671 0.0534529 0.328302 0.00262878
11 0.446318 0.569746 0.798461 0.550766 0.00259884
2 0.561925 0.191132 0.225135 0.221021 0.00246793
21 0.902504 0.35427 0.193984 0.706977 0.0024021
31 0.436889 0.709762 0.0107263 0.0180346 0.00236449
29 0.655809 0.42105 0.00941737 0.0177766 0.00230762
29 0.629239 0.46196 0.0133236 0.0175035 0.00224184
10 0.965022 0.413472 0.0698475 0.534758 0.00219691
10 0.696768 0.867789 0.224483 0.13269 0.00216792
16 0.0815605 0.785488 0.163121 0.401093 0.00210971
29 0.435431 0.709222 0.0321829 0.0254239 0.00210438
11 0.155961 0.855226 0.311922 0.289549 0.00210101
17 0.374432 0.915091 0.247443 0.164915 0.00205588
26 0.574593 0.318269 0.20673 0.200224 0.00204761
2 0.46378 0.289878 0.0409224 0.0421772 0.00195354
11 0.152887 0.423593 0.178892 0.126455 0.00194652
11 0.856691 0.837281 0.286618 0.325438 0.00191342
26 0.136714 0.169982 0.273427 0.338718 0.00191254
11 0.491715 0.907818 0.638818 0.184363 0.00189068
17 0.342315 0.437441 0.250319 0.216028 0.00186633
11 0.453852 0.829575 0.85671 0.224498 0.00185303
21 0.807772 0.587003 0.384455 0.792523 0.00183193
29 0.65605 0.461799 0.00959672 0.0165457 0.00180711
2 0.324741 0.291158 0.0953625 0.0630822 0.00179641
11 0.0350066 0.486043 0.0700131 0.878378 0.00177967
27 0.0952655 0.069686 0.187634 0.139372 0.00174751
10 0.241015 0.0669963 0.181166 0.133993 0.00169823
21 0.330164 0.196678 0.298576 0.236371 0.00169761
21 0.732306 0.214465 0.315 0.262533 0.00169038
10 0.822417 0.0576394 0.230119 0.115279 0.00167739
15 0.538574 0.59687 0.102866 0.313595 0.00167454
10 0.569364 0.910285 0.283951 0.176165 0.00163775
8 0.524495 0.487118 0.040061 0.0696037 0.0016303
29 0.74292 0.361415 0.0453443 0.0493311 0.00151146
16 0.656336 0.255766 0.073387 0.0879603 0.00145606
15 0.499098 0.719951 0.169396 0.170646 0.00145462
10 0.641586 0.458698 0.0360018 0.050353 0.00143245
8 0.560489 0.485337 0.0477303 0.111241 0.0014246
15 0.494439 0.500297 0.255774 0.264558 0.00141109
2 0.368001 0.255312 0.0351924 0.0874438 0.00140686
17 0.261425 0.689579 0.148554 0.209566 0.00140181
8 0.786241 0.41334 0.149735 0.23818 0.0013648
17 0.175905 0.539691 0.182866 0.387316 0.00135072
10 0.46363 0.430035 0.0152229 0.0199555 0.00134156
1 0.228811 0.432828 0.0412269 0.0340395 0.0013372
10 0.918009 0.782992 0.16366 0.387646 0.00132102
7 0.613205 0.258914 0.0396826 0.0675081 0.00132026
8 0.672048 0.362073 0.129602 0.0871511 0.00131142
15 0.53173 0.720847 0.0570303 0.0826486 0.0012771
10 0.707126 0.0620665 0.205298 0.124133 0.00127453
10 0.437567 0.430368 0.0120079 0.0246532 0.00126896
10 0.190776 0.618284 0.114023 0.10967 0.0012629
29 0.291504 0.55241 0.0294799 0.0276495 0.00124046
2 0.396264 0.269608 0.0210435 0.0374842 0.00123462
11 0.684341 0.367265 0.412287 0.322056 0.00121431
15 0.649085 0.317009 0.18146 0.11526 0.00119101
8 0.725272 0.392377 0.0650465 0.0853847 0.0011733
10 0.435826 0.381615 0.0155884 0.0287121 0.001161
29 0.665614 0.542072 0.0160128 0.020747 0.00115935
8 0.277267 0.57188 0.203893 0.126287 0.0011494
2 0.600645 0.302351 0.0393843 0.00979494 0.00112586
8 0.314462 0.563279 0.0279753 0.028988 0.00107196
29 0.665164 0.499541 0.0420749 0.0306267 0.00103601
13 0.664593 0.432005 0.218193 0.179219 0.00101532
1 0.539206 0.258254 0.0414488 0.0975475 0.0010058
