7 0.349486 0.279766 0.0328247 0.0510302 0.765015
1 0.478253 0.272143 0.0204125 0.0354032 0.736595
1 0.284717 0.278517 0.0308666 0.0549662 0.693182
1 0.497081 0.27213 0.0189954 0.0330318 0.618209
9 0.315474 0.277579 0.0258876 0.0489559 0.540538
31 0.532011 0.534825 0.0228384 0.0285379 0.356332
31 0.530006 0.691198 0.0277203 0.0319252 0.353315
31 0.529802 0.446132 0.0296028 0.0331953 0.34919
31 0.531262 0.49235 0.033519 0.0366471 0.332609
2 0.379085 0.27205 0.0225753 0.0317948 0.231746
7 0.648368 0.267302 0.0276888 0.0402167 0.163534
2 0.619183 0.265427 0.0305174 0.0323144 0.15834
2 0.424338 0.272446 0.0130613 0.0361355 0.140042
2 0.437824 0.269726 0.0184059 0.0301427 0.139741
31 0.316896 0.735328 0.0248596 0.031035 0.134127
1 0.690212 0.278658 0.030232 0.0349613 0.096282
23 0.334168 0.53165 0.0143559 0.019568 0.0728298
2 0.412234 0.267249 0.01667 0.0340929 0.0601558
2 0.473884 0.416533 0.0144722 0.0186881 0.0413583
32 0.227705 0.37687 0.0140211 0.0196159 0.039716
23 0.319516 0.532781 0.0119624 0.0180613 0.0389048
9 0.554914 0.278443 0.0119836 0.0400304 0.0341117
32 0.643437 0.612685 0.0115198 0.0167472 0.0339949
2 0.65929 0.373819 0.0142529 0.0185906 0.0336362
32 0.215444 0.376812 0.0161973 0.019082 0.0300782
32 0.420838 0.416654 0.0143363 0.0187815 0.0221938
32 0.452339 0.416756 0.0160336 0.0192678 0.0213086
2 0.524739 0.272769 0.0177605 0.0376214 0.0206773
32 0.641337 0.414909 0.0104896 0.0174672 0.0199162
29 0.638722 0.374157 0.00861616 0.0182116 0.0196035
32 0.347441 0.531583 0.0119557 0.0191049 0.0191293
29 0.658703 0.495331 0.0120787 0.0155974 0.0188494
32 0.432342 0.374428 0.0160223 0.0196002 0.0186494
32 0.24461 0.376679 0.0120506 0.0199066 0.0182668
31 0.304694 0.534131 0.0137896 0.0186685 0.0167961
29 0.641825 0.57454 0.0114717 0.0180932 0.0144055
23 0.356199 0.530769 0.0181925 0.0162995 0.0133746
32 0.432342 0.41681 0.0162026 0.0197199 0.0132808
32 0.630391 0.613772 0.0122694 0.0186004 0.0132524
32 0.215082 0.418474 0.0156102 0.0176288 0.0132052
7 0.544174 0.277695 0.0228729 0.0396336 0.0130818
29 0.449184 0.455682 0.0150513 0.0183318 0.0127741
1 0.461784 0.267104 0.0210028 0.0419123 0.0125122
32 0.641593 0.456111 0.00946082 0.0174068 0.0117522
29 0.444735 0.696096 0.0128931 0.0186151 0.0116948
32 0.430273 0.696064 0.0115645 0.0184511 0.0114783
32 0.21552 0.697577 0.0158463 0.0183725 0.011419
2 0.572284 0.273785 0.0263432 0.0377845 0.0112635
32 0.431489 0.538045 0.0100999 0.0191347 0.0111989
32 0.643979 0.535758 0.0122278 0.0177997 0.0111099
32 0.658383 0.611905 0.0109789 0.0175103 0.0109544
32 0.227835 0.697681 0.0111854 0.0179144 0.0108274
29 0.628723 0.574292 0.0117105 0.0180401 0.00990608
29 0.419161 0.456122 0.0122405 0.017649 0.00962699
29 0.416927 0.497337 0.0109098 0.0180158 0.00941719
32 0.218555 0.458876 0.00956925 0.0169887 0.00940761
29 0.657705 0.5747 0.00925874 0.0181599 0.00935803
29 0.628014 0.455002 0.0132507 0.019759 0.00929373
23 0.215469 0.73777 0.0162686 0.0213009 0.00917576
32 0.432207 0.455865 0.01122 0.0175349 0.00914933
29 0.418309 0.373975 0.011229 0.0194236 0.00867763
29 0.240088 0.538519 0.011691 0.0186804 0.00860997
22 0.628148 0.37354 0.0129238 0.0186752 0.00850812
32 0.227483 0.418516 0.015165 0.0186641 0.00825112
29 0.43136 0.616315 0.0112622 0.0186503 0.00811629
29 0.419836 0.53824 0.0130754 0.0199697 0.00794896
29 0.658797 0.535383 0.0108335 0.0193976 0.00789966
29 0.641677 0.496749 0.00914174 0.0166475 0.00768031
29 0.628566 0.496117 0.0127095 0.0186096 0.00760698
29 0.638199 0.537064 0.00924671 0.0176835 0.00755644
29 0.239626 0.45865 0.0129629 0.018713 0.00750259
32 0.228197 0.738594 0.0116791 0.0200269 0.00733117
32 0.430719 0.497321 0.010564 0.0174447 0.00726158
32 0.408848 0.416949 0.0119976 0.0195705 0.00717681
29 0.231883 0.538467 0.00871782 0.0173874 0.0071479
29 0.419092 0.695966 0.0116936 0.0178976 0.00714297
29 0.216461 0.538551 0.00973917 0.0177366 0.00707048
29 0.448706 0.537599 0.0144702 0.0189612 0.0070244
29 0.628206 0.535364 0.0117625 0.0188649 0.00689801
29 0.656731 0.455118 0.00944403 0.0190675 0.00689642
32 0.455743 0.375257 0.012155 0.0201148 0.0066535
29 0.628194 0.414776 0.0135246 0.018318 0.00663821
32 0.658883 0.414623 0.0113959 0.0173988 0.00632239
29 0.229575 0.618982 0.00811023 0.0168564 0.00609097
29 0.446832 0.496966 0.0159593 0.0181294 0.00597343
32 0.445605 0.374232 0.011779 0.0190672 0.00580967
29 0.217453 0.579964 0.00854358 0.0177714 0.00578262
11 0.49144 0.147581 0.822926 0.295162 0.00551247
29 0.451985 0.69632 0.0115776 0.0186381 0.00542056
29 0.665834 0.573993 0.0119218 0.0177259 0.00535869
29 0.665944 0.454573 0.0106786 0.0205444 0.00510178
29 0.456474 0.576351 0.0115307 0.0177345 0.00503919
2 0.535098 0.277119 0.0109461 0.0389952 0.00499029
29 0.216643 0.619465 0.011036 0.0183211 0.00493374
32 0.216628 0.498602 0.0148157 0.0192465 0.00461504
29 0.432624 0.576531 0.0102596 0.0175732 0.00436359
32 0.227034 0.49851 0.0144379 0.0192436 0.00414047
29 0.242409 0.698214 0.0124225 0.0172552 0.00407992
2 0.37789 0.232212 0.137439 0.136905 0.00403749
1 0.466266 0.317624 0.0851419 0.148591 0.00400158
11 0.143353 0.218475 0.286706 0.43695 0.00392895
29 0.244176 0.580025 0.0100657 0.0184496 0.00392208
29 0.241663 0.418628 0.0150066 0.0191025 0.00389919
2 0.621432 0.280128 0.0752686 0.0386749 0.00383957
29 0.666323 0.414486 0.00891387 0.018156 0.00376412
32 0.470235 0.374802 0.0168379 0.0200285 0.00375251
10 0.52607 0.902914 0.3195 0.180129 0.00374948
29 0.445876 0.576772 0.0107466 0.0170977 0.00372658
29 0.228943 0.65801 0.00913744 0.0180216 0.00357618
29 0.243081 0.618235 0.0107393 0.0162719 0.00349196
29 0.230296 0.5799 0.00696231 0.017226 0.00343919
2 0.377904 0.320192 0.138024 0.172072 0.00320821
29 0.458016 0.615864 0.0106581 0.0204081 0.00314026
11 0.76906 0.228508 0.457098 0.457015 0.0029937
2 0.712554 0.267385 0.0870538 0.0634729 0.00296353
29 0.664531 0.610053 0.012763 0.0229984 0.00293516
1 0.241819 0.280751 0.119978 0.0602348 0.00293305
29 0.208452 0.538429 0.00740414 0.0171652 0.00291914
29 0.451074 0.735007 0.0186077 0.0282409 0.00291451
29 0.4196 0.576228 0.0130167 0.0190177 0.00288467
10 0.0919198 0.520294 0.18384 0.392621 0.00285955
29 0.666165 0.535064 0.0150198 0.0221242 0.00285229
29 0.443674 0.615898 0.00864222 0.0193677 0.00283753
29 0.240444 0.498627 0.0135335 0.0197621 0.00283419
32 0.230551 0.458707 0.0206506 0.0177408 0.00272826
26 0.163012 0.716275 0.325375 0.536201 0.00270367
29 0.218106 0.657815 0.0106048 0.0185841 0.00261377
29 0.472579 0.655916 0.0195119 0.0190992 0.00253381
4 0.239365 0.391483 0.429764 0.525443 0.00250989
11 0.824335 0.747485 0.351331 0.50503 0.00244159
2 0.525103 0.200024 0.284403 0.191878 0.00236761
10 0.126225 0.894918 0.250063 0.182679 0.00234651
29 0.209555 0.458493 0.0101748 0.0201519 0.002343
29 0.43378 0.736172 0.0440779 0.0280961 0.00232595
21 0.696542 0.222848 0.190121 0.149444 0.00232451
10 0.743316 0.89963 0.216837 0.178237 0.00226813
12 0.236019 0.142635 0.239787 0.260359 0.00217571
26 0.622537 0.317666 0.220417 0.158413 0.00209683
32 0.432357 0.73718 0.0131385 0.0193317 0.00202568
3 0.0222885 0.63056 0.0445771 0.185806 0.00200565
29 0.2422 0.657776 0.0120794 0.0177728 0.00200325
11 0.455664 0.823941 0.88464 0.321034 0.00186707
29 0.242877 0.739542 0.0125708 0.0181528 0.00186355
27 0.448305 0.0645406 0.205709 0.129081 0.00184444
11 0.748607 0.901991 0.502786 0.196019 0.0018429
29 0.41926 0.616224 0.0115689 0.0185682 0.00184259
10 0.349409 0.896192 0.257709 0.187625 0.00183529
11 0.795382 0.457616 0.252941 0.630509 0.00183087
11 0.0279573 0.49123 0.0559146 0.809299 0.00181929
1 0.446206 0.380798 0.276086 0.262493 0.00179374
2 0.425992 0.261257 0.034272 0.0580356 0.00177104
15 0.52216 0.509722 0.0595505 0.089098 0.00176183
29 0.442213 0.65601 0.0101833 0.0184886 0.00175282
2 0.705179 0.0921374 0.283873 0.184275 0.00174421
11 0.850822 0.0945272 0.298356 0.189054 0.00173074
11 0.433706 0.568294 0.779699 0.493686 0.00169437
15 0.536152 0.597691 0.103902 0.207089 0.00168352
29 0.456499 0.655961 0.0119787 0.0184929 0.00167024
2 0.488461 0.299039 0.0646795 0.011639 0.00166338
21 0.127878 0.884405 0.255756 0.23119 0.00164863
29 0.470688 0.616488 0.0111191 0.0195315 0.00164444
27 0.573646 0.957295 0.205479 0.08541 0.00163463
10 0.910832 0.897058 0.177068 0.184033 0.00157726
27 0.572608 0.0594306 0.261376 0.118861 0.00156306
29 0.430762 0.655782 0.0108335 0.0173629 0.00153445
1 0.436673 0.531057 0.044962 0.0404008 0.00149595
15 0.582233 0.524547 0.180273 0.279733 0.00146964
15 0.592204 0.684469 0.120664 0.0964021 0.00143967
29 0.232093 0.645386 0.0879086 0.0789054 0.0013681
11 0.338593 0.901816 0.653191 0.196367 0.00136259
10 0.20787 0.460661 0.0245074 0.0305058 0.00136073
17 0.463467 0.684727 0.239668 0.116335 0.00135121
28 0.592338 0.418005 0.268579 0.197348 0.00131816
10 0.191031 0.536605 0.0772038 0.0460542 0.00131514
29 0.365127 0.529307 0.0103243 0.019368 0.00131412
17 0.290332 0.43543 0.208996 0.225381 0.00129323
29 0.207996 0.579774 0.00836199 0.0194424 0.0012886
29 0.418446 0.73688 0.0105837 0.0191493 0.00125079
29 0.23284 0.694265 0.0340637 0.0275684 0.0012354
15 0.462784 0.525982 0.254652 0.248078 0.00122982
31 0.437255 0.538924 0.0119982 0.0204119 0.00122708
17 0.366495 0.669812 0.191193 0.200806 0.00121489
15 0.533687 0.730978 0.201588 0.274742 0.00118881
5 0.966733 0.486411 0.0663033 0.598318 0.0011651
29 0.209232 0.498764 0.0117451 0.0217952 0.0011563
13 0.199391 0.657987 0.206625 0.225204 0.00114709
27 0.320208 0.0720367 0.279195 0.144073 0.00114221
2 0.633614 0.39923 0.497964 0.368378 0.00112887
11 0.901543 0.436465 0.196915 0.85936 0.00109291
15 0.272491 0.743059 0.241308 0.222105 0.00108992
29 0.249042 0.497758 0.0262797 0.0277342 0.0010824
29 0.225641 0.729532 0.0510592 0.042551 0.00107591
8 0.658028 0.344832 0.0816391 0.117103 0.00106939
29 0.623104 0.613898 0.0141899 0.0204087 0.00105967
14 0.0576937 0.784754 0.115387 0.394814 0.00104257
