1 0.266750 0.254842 0.015778 0.068052
9 0.297580 0.249477 0.035917 0.077088
7 0.346057 0.248347 0.042353 0.077088
8 0.381143 0.248065 0.029896 0.077653
9 0.495848 0.245100 0.044221 0.088665
1 0.621867 0.251736 0.021384 0.078217
0 0.656538 0.253995 0.030104 0.061275
29 0.215869 0.388609 0.011233 0.026239
32 0.230460 0.389522 0.017216 0.028066
34 0.247005 0.389688 0.014408 0.029063
29 0.214831 0.442333 0.010867 0.027070
32 0.229178 0.442499 0.016850 0.027070
33 0.245418 0.443745 0.014164 0.027900
29 0.212938 0.494065 0.009524 0.030889
32 0.227530 0.493982 0.016972 0.031388
35 0.242304 0.493234 0.010623 0.028897
29 0.212816 0.543388 0.009524 0.023914
32 0.226980 0.543139 0.016850 0.024745
28 0.242853 0.543886 0.013187 0.026239
29 0.212084 0.594621 0.011722 0.025741
32 0.226797 0.596614 0.016240 0.028066
10 0.239923 0.595867 0.011478 0.024579
29 0.211885 0.644670 0.009345 0.024299
32 0.226247 0.646540 0.015804 0.026168
30 0.242463 0.647474 0.014155 0.024673
29 0.211198 0.696539 0.010994 0.027103
32 0.225491 0.697194 0.016216 0.028411
11 0.241295 0.697567 0.013193 0.027290
29 0.210717 0.746820 0.010582 0.023364
32 0.224804 0.747100 0.016216 0.025047
14 0.240195 0.746633 0.013193 0.024486
32 0.224941 0.798408 0.015941 0.026729
27 0.240814 0.799717 0.016079 0.028224
29 0.209961 0.847006 0.010444 0.025981
32 0.224391 0.850277 0.016766 0.029159
12 0.239920 0.847473 0.014567 0.025794
31 0.326247 0.434728 0.039797 0.045284
31 0.327417 0.487972 0.048380 0.042807
31 0.325856 0.539269 0.041097 0.040684
31 0.326897 0.589683 0.046300 0.039623
31 0.320394 0.640273 0.051502 0.037500
31 0.325856 0.742161 0.043178 0.041746
31 0.327417 0.788683 0.043698 0.034316
31 0.326377 0.842457 0.040057 0.036439
31 0.539797 0.386791 0.044479 0.037147
31 0.540617 0.539416 0.038006 0.039460
31 0.537281 0.589531 0.035395 0.031568
31 0.541052 0.642407 0.051062 0.039460
31 0.531333 0.693902 0.040327 0.041433
31 0.532204 0.793735 0.035685 0.038276
31 0.749941 0.386509 0.039457 0.043800
31 0.746024 0.439188 0.040907 0.040249
31 0.748345 0.489697 0.042068 0.039460
31 0.747329 0.593871 0.042358 0.040249
29 0.425108 0.389027 0.009469 0.026729
29 0.412334 0.443335 0.011791 0.030860
29 0.423590 0.491447 0.011791 0.026486
29 0.422518 0.543690 0.010362 0.028916
29 0.422696 0.595689 0.012148 0.025028
29 0.421624 0.645624 0.011791 0.024785
29 0.420463 0.695801 0.010541 0.026486
29 0.420463 0.746707 0.008754 0.024785
29 0.419927 0.798464 0.010898 0.026243
29 0.418945 0.849249 0.010005 0.025757
29 0.638064 0.391578 0.011613 0.026486
29 0.638153 0.444064 0.011791 0.024056
29 0.636278 0.495456 0.013042 0.022841
29 0.635563 0.546484 0.010898 0.023813
29 0.636546 0.598119 0.011791 0.025028
29 0.635831 0.647082 0.011791 0.026729
32 0.439507 0.389768 0.017027 0.027671
32 0.428008 0.443305 0.017470 0.027671
32 0.439286 0.492330 0.017912 0.024062
32 0.436301 0.544514 0.016364 0.024362
32 0.437296 0.597148 0.016143 0.023159
32 0.437849 0.646174 0.017249 0.024362
32 0.435969 0.697004 0.017912 0.026768
32 0.434532 0.746179 0.015922 0.022257
32 0.433315 0.798814 0.015258 0.024663
32 0.433205 0.848291 0.017691 0.023159
32 0.451227 0.849043 0.019681 0.021655
32 0.650250 0.647978 0.017027 0.029776
32 0.650913 0.597750 0.015701 0.023159
32 0.650139 0.547522 0.016364 0.024964
32 0.650692 0.495789 0.015258 0.023159
32 0.651798 0.444207 0.018354 0.026468
32 0.653345 0.392024 0.017912 0.024964
29 0.454323 0.390670 0.010393 0.028272
31 0.473690 0.390635 0.012520 0.029139
29 0.441694 0.443993 0.010295 0.025355
2 0.291448 0.591012 0.020311 0.028760
2 0.293118 0.743518 0.019198 0.033302
2 0.291866 0.841341 0.020589 0.033680
2 0.511391 0.548249 0.020589 0.031788
2 0.502070 0.642099 0.020311 0.036329
2 0.720621 0.394797 0.021146 0.029896
2 0.716170 0.443047 0.015025 0.033302
23 0.457831 0.443804 0.013077 0.022706
23 0.461865 0.749572 0.011129 0.023462
23 0.522242 0.443425 0.015025 0.031031
26 0.456996 0.493945 0.019198 0.029139
13 0.452823 0.545600 0.017529 0.023462
36 0.454075 0.597256 0.015025 0.023084
1 0.466595 0.598580 0.010573 0.034815
1 0.463674 0.647397 0.010851 0.033302
1 0.677078 0.648722 0.010295 0.029896
28 0.479116 0.443993 0.011686 0.027625
28 0.546170 0.444939 0.012242 0.032545
28 0.476890 0.749194 0.010573 0.024976
15 0.452127 0.648911 0.011129 0.031031
21 0.450458 0.697160 0.010016 0.026868
31 0.467152 0.698296 0.012799 0.025355
17 0.669983 0.445696 0.015025 0.027247
16 0.669705 0.392716 0.016137 0.030274
25 0.666644 0.547114 0.015025 0.026490
37 0.468821 0.445128 0.010016 0.010974
37 0.534901 0.441344 0.012520 0.013245
37 0.469795 0.748626 0.006956 0.010974
14 0.363650 0.695457 0.008903 0.022706
4 0.350674 0.693443 0.005796 0.015373
5 0.355311 0.694625 0.006376 0.025227
23 0.342088 0.694527 0.010940 0.028381
19 0.664913 0.496666 0.015086 0.022828
22 0.448801 0.798682 0.014332 0.027701
18 0.669062 0.599390 0.013201 0.025649
20 0.664536 0.647994 0.011692 0.030522
21 0.446034 0.749200 0.007289 0.024664
1 0.458465 0.799603 0.005281 0.024161