1 0.262803 0.278953 0.031297 0.041954
9 0.298492 0.279542 0.027728 0.039999
7 0.335417 0.279993 0.025806 0.036691
2 0.367675 0.280595 0.025532 0.030074
1 0.471448 0.267362 0.023335 0.042706
1 0.500137 0.265558 0.027453 0.043307
3 0.631090 0.265106 0.034042 0.041804
31 0.295198 0.529611 0.015648 0.016842
31 0.528689 0.452470 0.028002 0.027368
31 0.509197 0.490063 0.019766 0.024360
31 0.524845 0.532769 0.019217 0.023157
31 0.531709 0.691111 0.024159 0.030676
31 0.726902 0.364653 0.014276 0.024360
14 0.319940 0.528759 0.013841 0.017644
14 0.757821 0.366244 0.006795 0.024536
23 0.325602 0.547092 0.013086 0.014060
23 0.539132 0.485615 0.014344 0.021779
2 0.706609 0.365693 0.019629 0.025638
2 0.743351 0.364728 0.012079 0.025914
32 0.342212 0.527932 0.017616 0.014887
32 0.773047 0.366382 0.015099 0.024811
28 0.563040 0.486166 0.012834 0.026190
28 0.346238 0.546816 0.010066 0.018471
37 0.329377 0.528621 0.006543 0.008546
37 0.335040 0.547781 0.005788 0.006065
37 0.551841 0.487545 0.008053 0.006892
37 0.763271 0.364096 0.003764 0.004263