1 0.283518 0.295282 0.020723 0.044791
9 0.317529 0.292673 0.033062 0.050368
7 0.356760 0.290065 0.030530 0.046231
2 0.384997 0.283859 0.027209 0.037776
1 0.470419 0.285748 0.020881 0.051987
1 0.491062 0.284039 0.021039 0.051447
1 0.627120 0.281149 0.036827 0.052726
31 0.299390 0.559860 0.013160 0.021567
31 0.524204 0.471063 0.034434 0.031523
31 0.522796 0.558859 0.020357 0.032754
31 0.519547 0.511698 0.013427 0.023642
31 0.721333 0.375879 0.012287 0.017239
31 0.527703 0.723353 0.025866 0.027151
2 0.499872 0.511780 0.020498 0.025349
2 0.543173 0.506535 0.015886 0.018356
23 0.319236 0.556213 0.010761 0.016316
23 0.559037 0.507217 0.011842 0.021077
28 0.333894 0.557674 0.010201 0.024167
14 0.317998 0.575364 0.009011 0.015853
32 0.334744 0.576040 0.013261 0.012567
28 0.572852 0.506923 0.008671 0.017787
37 0.324458 0.575267 0.005951 0.007927
37 0.566374 0.506534 0.005749 0.005074
32 0.645523 0.635434 0.015918 0.018747
23 0.662435 0.632686 0.016202 0.017778
18 0.657603 0.559151 0.006538 0.022626
36 0.449393 0.564646 0.012507 0.020687
1 0.667190 0.600099 0.011170 0.023590
28 0.246520 0.528328 0.017762 0.018732
32 0.228113 0.528654 0.018765 0.019709
2 0.705920 0.378540 0.018192 0.020974
2 0.749884 0.376959 0.015665 0.022411
14 0.763022 0.376816 0.009601 0.019825
32 0.778308 0.379833 0.010865 0.018388
37 0.770728 0.376959 0.005811 0.004597
19 0.651472 0.475940 0.008843 0.023273
1 0.661325 0.477233 0.008843 0.025284
37 0.326596 0.556226 0.003887 0.006365
37 0.462223 0.440549 0.009669 0.007082