0 0.636055 0.267393 0.029540 0.026672
32 0.745526 0.355191 0.019418 0.018496
14 0.303204 0.552017 0.013772 0.012331
36 0.451524 0.538934 0.014047 0.019248
29 0.212516 0.385227 0.011728 0.025292
29 0.212955 0.424765 0.013194 0.020489
29 0.212492 0.466700 0.011242 0.022461
29 0.213569 0.507705 0.011003 0.023506
29 0.215363 0.547142 0.012199 0.020371
29 0.215124 0.587101 0.011242 0.017237
29 0.216917 0.628105 0.010046 0.020371
29 0.218472 0.666890 0.011242 0.016454
29 0.218592 0.705413 0.011960 0.021416
29 0.221223 0.748245 0.010046 0.025595
29 0.416522 0.376857 0.010764 0.025073
29 0.446421 0.375420 0.008850 0.025856
29 0.406476 0.419167 0.007893 0.027684
29 0.434701 0.417078 0.008372 0.022461
29 0.418077 0.457298 0.010524 0.024550
29 0.419632 0.498955 0.007893 0.022200
29 0.421067 0.537739 0.009328 0.020894
29 0.421426 0.579919 0.010046 0.023244
29 0.422622 0.617920 0.009568 0.021939
29 0.422741 0.657748 0.009328 0.024811
29 0.424416 0.698100 0.009328 0.021939
29 0.425492 0.737798 0.010524 0.022461
29 0.624977 0.368630 0.010524 0.024811
29 0.624738 0.408459 0.009568 0.022983
29 0.625934 0.448157 0.009568 0.018282
29 0.627010 0.489553 0.011242 0.020110
29 0.628804 0.530165 0.012438 0.016715
29 0.629402 0.568688 0.010764 0.017499
29 0.631555 0.607212 0.012199 0.020894
14 0.721838 0.361420 0.012876 0.023984
14 0.247872 0.665980 0.013255 0.020263
32 0.227610 0.385197 0.018179 0.022744
32 0.227421 0.427170 0.018557 0.019849
32 0.226853 0.467282 0.016664 0.017368
32 0.228936 0.506360 0.017042 0.017782
32 0.228936 0.547506 0.015527 0.015714
32 0.231753 0.587535 0.017724 0.018857
32 0.231867 0.627605 0.016133 0.017616
32 0.232549 0.667179 0.014770 0.021834
32 0.234026 0.706133 0.016361 0.021338
32 0.235616 0.747196 0.015906 0.019105
32 0.430808 0.375645 0.014997 0.020842
32 0.420355 0.418073 0.015906 0.018857
32 0.434217 0.455538 0.014997 0.019849
32 0.432853 0.498462 0.016815 0.017864
32 0.434785 0.538160 0.016133 0.018857
32 0.436943 0.578603 0.017270 0.020842
32 0.437966 0.618301 0.020224 0.018360
32 0.436830 0.657379 0.015225 0.019601
32 0.436830 0.697822 0.014770 0.018112
32 0.438420 0.737024 0.016133 0.017616
32 0.457053 0.736776 0.016588 0.019601
32 0.639688 0.369762 0.016584 0.026466
32 0.638890 0.408241 0.018179 0.018456
16 0.655953 0.368543 0.017222 0.026117
13 0.450567 0.497737 0.017860 0.023331
26 0.450408 0.456297 0.018816 0.025421
17 0.657866 0.405978 0.018497 0.021590
19 0.652763 0.450377 0.009568 0.021939
18 0.660258 0.527336 0.007335 0.023331
23 0.664085 0.605340 0.015627 0.025421
32 0.645269 0.607951 0.014351 0.018804
15 0.452959 0.577307 0.011162 0.022287