1 0.277281 0.287777 0.032300 0.055197
9 0.308955 0.288593 0.027542 0.055197
7 0.346138 0.291448 0.031799 0.046224
2 0.380190 0.287098 0.029295 0.043505
1 0.471581 0.283019 0.020281 0.047855
1 0.494617 0.281795 0.024788 0.047040
2 0.619059 0.273230 0.032801 0.032629
31 0.297935 0.546669 0.015268 0.016813
31 0.524477 0.464470 0.026235 0.023819
31 0.526842 0.545268 0.029245 0.024753
31 0.517810 0.506737 0.018923 0.030358
31 0.715860 0.378885 0.017633 0.020316
23 0.322870 0.564249 0.018519 0.016976
23 0.544854 0.508880 0.017076 0.021155
23 0.665105 0.621707 0.018519 0.020633
14 0.319813 0.545825 0.013765 0.014948
14 0.741001 0.378332 0.013991 0.022055
28 0.347682 0.562856 0.015796 0.018624
28 0.566569 0.506494 0.009929 0.021074
32 0.344748 0.542884 0.015796 0.012988
32 0.762100 0.376249 0.016924 0.017889
37 0.331096 0.544232 0.009252 0.005391
37 0.335722 0.561875 0.006770 0.004901
37 0.557542 0.506861 0.009478 0.006126
37 0.750253 0.376862 0.006318 0.005391
31 0.537056 0.703866 0.030464 0.028412
18 0.660703 0.543711 0.011827 0.021017