1 0.288958 0.297489 0.029299 0.036225
9 0.323610 0.293407 0.030644 0.046585
7 0.360607 0.292394 0.028402 0.041319
2 0.384898 0.292192 0.017938 0.027951
1 0.471664 0.290670 0.020531 0.039398
1 0.494692 0.292324 0.018312 0.034285
4 0.628007 0.284204 0.034126 0.045112
31 0.295512 0.554578 0.013260 0.021560
31 0.528828 0.472444 0.027152 0.028405
31 0.526776 0.548418 0.026836 0.030458
31 0.529144 0.710291 0.030940 0.031827
31 0.525987 0.509747 0.020837 0.029774
23 0.319249 0.550798 0.014938 0.019327
23 0.551398 0.512275 0.011324 0.021155
23 0.661922 0.626062 0.017411 0.020825
28 0.340548 0.548707 0.010705 0.017712
28 0.569443 0.508245 0.009860 0.021071
14 0.321391 0.568098 0.010705 0.013131
32 0.342942 0.567029 0.014931 0.012215
32 0.645226 0.625966 0.016058 0.023208
29 0.630576 0.626118 0.013804 0.026567
37 0.330124 0.552066 0.007888 0.007329
37 0.331251 0.567640 0.007888 0.009772
37 0.560428 0.508092 0.005916 0.009161