30 0.250055 0.614234 0.019156 0.024710
11 0.248766 0.652717 0.014367 0.018229
14 0.252081 0.693833 0.015840 0.021875
27 0.253555 0.732316 0.014367 0.020254
12 0.253371 0.774242 0.011788 0.019849
26 0.450269 0.479543 0.017314 0.019444
13 0.450821 0.521469 0.018419 0.027141
36 0.451558 0.560155 0.011788 0.021875
32 0.462241 0.759457 0.024313 0.018634
29 0.631695 0.627399 0.013998 0.025115
32 0.646615 0.629222 0.013630 0.019849
16 0.651588 0.386981 0.013998 0.022280
25 0.656192 0.509925 0.014367 0.026736
23 0.540706 0.519647 0.010315 0.019444
14 0.336993 0.573523 0.013262 0.017014
23 0.334782 0.555699 0.013998 0.012963
10 0.243616 0.572902 0.010751 0.020871